{
 "cells": [
  {
   "cell_type": "code",
   "execution_count": 3,
   "metadata": {},
   "outputs": [
    {
     "name": "stdout",
     "output_type": "stream",
     "text": [
      "Test error for model 3: [[ 6.16757948  7.9777881   8.22659894  4.7028143   9.74658275 -0.97662239\n",
      "  -0.97662239 -0.64498361  9.19390595  5.98795544 -1.14244178  8.42002764\n",
      "   6.30578956  7.43891596 -0.810803  ]\n",
      " [ 7.9777881  10.38859072 10.71995242  6.02704071 12.74423897 -1.53672885\n",
      "  -1.53672885 -1.09505841 12.00819416  7.73856809 -1.75756407 10.97755722\n",
      "   8.16185374  9.6709307  -1.31589363]\n",
      " [ 8.22659894 10.71995242 11.06266064  6.20905392 13.15626295 -1.61371476\n",
      "  -1.61371476 -1.15692061 12.39501444  7.97918754 -1.84211183 11.32908636\n",
      "   8.41696737  9.97771824 -1.38531769]\n",
      " [ 4.7028143   6.02704071  6.20905392  3.63129099  7.32097145 -0.52340145\n",
      "  -0.52340145 -0.28079691  6.91667043  4.57141348 -0.64470372  6.3505533\n",
      "   4.80391946  5.63283824 -0.40209918]\n",
      " [ 9.74658275 12.74423897 13.15626295  7.32097145 15.67331478 -2.08402119\n",
      "  -2.08402119 -1.5348364  14.75809705  9.44913022 -2.35861359 13.47657561\n",
      "   9.97545487 11.85188137 -1.80942879]\n",
      " [-0.97662239 -1.53672885 -1.61371476 -0.52340145 -2.08402119  1.23390384\n",
      "   1.23390384  1.13128969 -1.91301447 -0.92104394  1.28521092 -1.67356458\n",
      "  -1.01938672 -1.3699935   1.18259677]\n",
      " [-0.97662239 -1.53672885 -1.61371476 -0.52340145 -2.08402119  1.23390384\n",
      "   1.23390384  1.13128969 -1.91301447 -0.92104394  1.28521092 -1.67356458\n",
      "  -1.01938672 -1.3699935   1.18259677]\n",
      " [-0.64498361 -1.09505841 -1.15692061 -0.28079691 -1.5348364   1.13128969\n",
      "   1.13128969  1.04883386 -1.39742356 -0.60032342  1.17251761 -1.20501307\n",
      "  -0.67934698 -0.96107785  1.09006178]\n",
      " [ 9.19390595 12.00819416 12.39501444  6.91667043 14.75809705 -1.91301447\n",
      "  -1.91301447 -1.39742356 13.89886361  8.91464873 -2.17080992 12.69573343\n",
      "   9.40877786 11.17042249 -1.65521901]\n",
      " [ 5.98795544  7.73856809  7.97918754  4.57141348  9.44913022 -0.92104394\n",
      "  -0.92104394 -0.60032342  8.91464873  5.814245   -1.08140419  8.16624815\n",
      "   6.12161534  7.21743679 -0.76068368]\n",
      " [-1.14244178 -1.75756407 -1.84211183 -0.64470372 -2.35861359  1.28521092\n",
      "   1.28521092  1.17251761 -2.17080992 -1.08140419  1.34155758 -1.90784034\n",
      "  -1.18940658 -1.57445133  1.22886426]\n",
      " [ 8.42002764 10.97755722 11.32908636  6.3505533  13.47657561 -1.67356458\n",
      "  -1.67356458 -1.20501307 12.69573343  8.16624815 -1.90784034 11.60236957\n",
      "   8.61529594 10.21621877 -1.43928883]\n",
      " [ 6.30578956  8.16185374  8.41696737  4.80391946  9.97545487 -1.01938672\n",
      "  -1.01938672 -0.67934698  9.40877786  6.12161534 -1.18940658  8.61529594\n",
      "   6.44750072  7.60933109 -0.84936685]\n",
      " [ 7.43891596  9.6709307   9.97771824  5.63283824 11.85188137 -1.3699935\n",
      "  -1.3699935  -0.96107785 11.17042249  7.21743679 -1.57445133 10.21621877\n",
      "   7.60933109  9.00649316 -1.16553567]\n",
      " [-0.810803   -1.31589363 -1.38531769 -0.40209918 -1.80942879  1.18259677\n",
      "   1.18259677  1.09006178 -1.65521901 -0.76068368  1.22886426 -1.43928883\n",
      "  -0.84936685 -1.16553567  1.13632927]]\n"
     ]
    }
   ],
   "source": [
    "# Script for model 3: Predict sepal length using petal length and petal width\n",
    "# Import the libraries\n",
    "import numpy as np\n",
    "import pandas as pd\n",
    "from sklearn.datasets import load_iris\n",
    "from sklearn.model_selection import train_test_split\n",
    "\n",
    "# Load the iris dataset and convert it to a dataframe\n",
    "iris = load_iris()\n",
    "df = pd.DataFrame(data=iris.data, columns=iris.feature_names)\n",
    "df['target'] = iris.target\n",
    "\n",
    "# Split the data into X and y\n",
    "X = df[['petal length (cm)', 'petal width (cm)']].values\n",
    "y = df['sepal length (cm)'].values.reshape(-1, 1)\n",
    "\n",
    "# Split the data into train, validation and test sets with a 80/10/10 ratio\n",
    "X_train, X_test, y_train, y_test = train_test_split(X, y, test_size=0.1, random_state=42, stratify=df['target'])\n",
    "X_train, X_val, y_train, y_val = train_test_split(X_train, y_train, test_size=0.1111, random_state=42)\n",
    "\n",
    "# Define a class for the linear regression model that has a predict and score method\n",
    "class LinearRegression:\n",
    "    def __init__(self, weights=None, bias=None):\n",
    "        # Initialize the weights and bias from the given parameters or as None\n",
    "        self.weights = weights\n",
    "        self.bias = bias\n",
    "\n",
    "    def predict(self, X):\n",
    "        \"\"\"Predict using the linear model.\n",
    "        Parameters\n",
    "        ----------\n",
    "        X: numpy.ndarray\n",
    "            The input data.\n",
    "        \"\"\"\n",
    "        # Compute the linear combination of the input features and the weights, plus the bias.\n",
    "        return X @ self.weights + self.bias\n",
    "\n",
    "    def score(self, X, y):\n",
    "        \"\"\"Evaluate the linear model using the mean squared error.\n",
    "        Parameters\n",
    "        ----------\n",
    "        X: numpy.ndarray\n",
    "            The input data.\n",
    "        y: numpy.ndarray\n",
    "            The target data.\n",
    "        \"\"\"\n",
    "        # Compute the predictions and the errors for the given data.\n",
    "        y_pred = self.predict(X)\n",
    "        errors = y_pred - y\n",
    "\n",
    "        # Compute and return the mean squared error.\n",
    "        return (1 / X.shape[0]) * (errors.T @ errors)\n",
    "\n",
    "# Create an instance of the linear regression class with the weights and bias from model 3\n",
    "model_3 = LinearRegression(weights=np.array([0.7099, 0.6508]), bias=np.array([4.1909]))\n",
    "\n",
    "# Evaluate the model on the test set and print the mean squared error\n",
    "test_error = model_3.score(X_test, y_test)\n",
    "print(f\"Test error for model 3: {test_error}\")\n"
   ]
  },
  {
   "cell_type": "code",
   "execution_count": null,
   "metadata": {},
   "outputs": [],
   "source": []
  }
 ],
 "metadata": {
  "kernelspec": {
   "display_name": "Python 3",
   "language": "python",
   "name": "python3"
  },
  "language_info": {
   "codemirror_mode": {
    "name": "ipython",
    "version": 3
   },
   "file_extension": ".py",
   "mimetype": "text/x-python",
   "name": "python",
   "nbconvert_exporter": "python",
   "pygments_lexer": "ipython3",
   "version": "3.8.5"
  }
 },
 "nbformat": 4,
 "nbformat_minor": 4
}
